B_f: 1.4928231239318848
C_f: 2.1563267707824707
D_f: 0.7784228920936584
B_r: 10.573360443115234
C_r: 1.0724537372589111
D_r: 0.8421050906181335
B_long: 2.5857014656066895
C_long: 1.4785583019256592
mu_tire: 0.6000337600708008