B_f: 2.1487364768981934
C_f: 1.8619303703308105
D_f: 0.7372132539749146
B_r: 9.749878883361816
C_r: 1.0583345890045166
D_r: 0.8433693647384644
B_long: 4.254752159118652
C_long: 1.2529339790344238
mu_tire: 0.6486706137657166


