- name: "vx"
  dim: 1
  min_val: 0
  max_val: 20
  rand: 0.05

- name: "heading_diff"
  dim: 1
  min_val: -3.141592653589793
  max_val: 3.141592653589793
  rand: 0.05

- name: "closest_dist"
  dim: 1
  min_val: -3
  max_val: 3
