Vehicle:
  m: 5.1
  g: 9.81
  I_z: 0.1435
  L: 0.33
  lr: 0.1703
  Cd0: 0.0008
  Cd1: 0.0006
  Cd2: 0.0003
  mu_static: 0.8
  I_e: 0.010634126141667366 #
  K_fi: 0.06216941028833389 #
  b0: 0.10694752633571625 #
  b1: 0.24296045303344727 #
  R: 0.05000000074505806 #
  tau_omega: 0.022
  tau_delta: 0.022

TireFront:
  Sx_p: 0.1117
  Alpha_p: 7.5586
  By: 0.0569
  Cy: 0.5797
  Dy: 0.8745
  Ey: 0.2432
  Bx: 2.8452
  Cx: 0.6443
  Dx: 0.8216
  Ex: 0.0051

TireRear:
  Sx_p: 0.1215
  Alpha_p: 6.9388
  By: 0.0682
  Cy: 0.5788
  Dy: 0.8723
  Ey: 4.6495
  Bx: 4.4566
  Cx: 1.5544
  Dx: 0.8968
  Ex: 8.0218