# Parameters for the XRAY vehicle model
m: 5.1
I_z: 0.09719040989875793
lf: 0.15860556244
lr: 0.1713944375514984
R: 0.1336
I_e: 0.4835652709007263
K_fi: 0.19438289105892181
b0: 0.9037298560142517
b1: 0.7727563381195068
Cd0: 0.0010077116312459111
Cd1: 0.00013004070206079632
Cd2: 0.001371523947454989
g: 9.81
