Vehicle:
  m: 5.099999904632568
  g: 9.8100004196167
  I_z: 0.09999999403953552
  L: 0.33000001311302185
  lr: 0.14499999582767487
  Cd0: 9.999991945619513e-10
  Cd1: 9.999991945619513e-10
  Cd2: 9.999991945619513e-10
  mu_static: 0.8
  I_e: 0.19999998807907104
  K_fi: 0.9006474614143372
  b0: 0.5042189359664917
  b1: 0.3041151762008667
  R: 0.04999999701976776
  tau_omega: 0.022
  tau_delta: 0.022
TireFront:
  Sx_p: 0.035731758922338486
  Alpha_p: 2.7985317707061768
  By: 0.054242491722106934
  Cy: 0.9610210061073303
  Dy: 0.6903803944587708
  Ey: 9.843238830566406
  Bx: 0.6521636843681335
  Cx: 1.6530271768569946
  Dx: 0.566027820110321
  Ex: 21.712848663330078
TireRear:
  Sx_p: 0.036725740879774094
  Alpha_p: 2.7229044437408447
  By: 0.12193846702575684
  Cy: 1.141689658164978
  Dy: 0.7726274132728577
  Ey: 7.8308916091918945
  Bx: 2287011.5
  Cx: 0.6470149159431458
  Dx: 1.0893065929412842
  Ex: 6.49808406829834
