# Parameters for the XRAY vehicle model
m: 5.1
I_z: 0.33066901564598083
lf: 0.15860556244
lr: 0.1713944375514984
R: 0.05000000074505806
I_e: 0.010634126141667366
K_fi: 0.06216941028833389
b0: 0.10694752633571625
b1: 0.24296045303344727
Cd0: 0.000028146447220933624
Cd1: 0.000018495471522328444
Cd2: 0.0000023182590211945353
g: 9.81
